任务图结构：
a->b
b->c
b->d
d->e
f->e

a(9:00,600)
b(9:10,600)
c(9:20,1200)
d(9:20,3600)
e(>10:20,-)
f(<10:20,600)

9:00    9:10    9:20    9:30    9:40    9:50    10:00   10:10   10:20
a       b       cd      c       d       d       d       d
1       1       2       2       1       1       1       1

f 的启动时间？
9:20和9:30启动肯定不合适，因为已经有两个任务在执行。

时间序列的步长：
[600, 1200, 1800, 2400, 3000, 3600]

时间序列：
[(1498352400.0, 1498352500.0, 0, 0, 0), (1498352501.0, 1498352601.0, 0, 0, 0), (1498352602.0, 1498352702.0, 0, 0, 0), (1498352703.0, 1498352803.0, 0, 0, 0), (1498352804.0, 1498352904.0, 0, 0, 0), (1498352905.0, 1498353005.0, 0, 0, 0), (1498353006.0, 1498353106.0, 0, 0, 0), (1498353107.0, 1498353207.0, 0, 0, 0), (1498353208.0, 1498353308.0, 0, 0, 0), (1498353309.0, 1498353409.0, 0, 0, 0), (1498353410.0, 1498353510.0, 0, 0, 0), (1498353511.0, 1498353611.0, 0, 0, 0), (1498353612.0, 1498353712.0, 0, 0, 0), (1498353713.0, 1498353813.0, 0, 0, 0), (1498353814.0, 1498353914.0, 0, 0, 0), (1498353915.0, 1498354015.0, 0, 0, 0), (1498354016.0, 1498354116.0, 0, 0, 0), (1498354117.0, 1498354217.0, 0, 0, 0), (1498354218.0, 1498354318.0, 0, 0, 0), (1498354319.0, 1498354419.0, 0, 0, 0), (1498354420.0, 1498354520.0, 0, 0, 0), (1498354521.0, 1498354621.0, 0, 0, 0), (1498354622.0, 1498354722.0, 0, 0, 0), (1498354723.0, 1498354823.0, 0, 0, 0)]
[(1498352400.0, 1498352600.0, 0, 0, 0), (1498352601.0, 1498352801.0, 0, 0, 0), (1498352802.0, 1498353002.0, 0, 0, 0), (1498353003.0, 1498353203.0, 0, 0, 0), (1498353204.0, 1498353404.0, 0, 0, 0), (1498353405.0, 1498353605.0, 0, 0, 0), (1498353606.0, 1498353806.0, 0, 0, 0), (1498353807.0, 1498354007.0, 0, 0, 0), (1498354008.0, 1498354208.0, 0, 0, 0), (1498354209.0, 1498354409.0, 0, 0, 0), (1498354410.0, 1498354610.0, 0, 0, 0), (1498354611.0, 1498354811.0, 0, 0, 0)]
[(1498352400.0, 1498352700.0, 0, 0, 0), (1498352701.0, 1498353001.0, 0, 0, 0), (1498353002.0, 1498353302.0, 0, 0, 0), (1498353303.0, 1498353603.0, 0, 0, 0), (1498353604.0, 1498353904.0, 0, 0, 0), (1498353905.0, 1498354205.0, 0, 0, 0), (1498354206.0, 1498354506.0, 0, 0, 0), (1498354507.0, 1498354807.0, 0, 0, 0)]
[(1498352400.0, 1498352800.0, 0, 0, 0), (1498352801.0, 1498353201.0, 0, 0, 0), (1498353202.0, 1498353602.0, 0, 0, 0), (1498353603.0, 1498354003.0, 0, 0, 0), (1498354004.0, 1498354404.0, 0, 0, 0), (1498354405.0, 1498354805.0, 0, 0, 0)]
[(1498352400.0, 1498352900.0, 0, 0, 0), (1498352901.0, 1498353401.0, 0, 0, 0), (1498353402.0, 1498353902.0, 0, 0, 0), (1498353903.0, 1498354403.0, 0, 0, 0), (1498354404.0, 1498354904.0, 0, 0, 0)]
[(1498352400.0, 1498353000.0, 0, 0, 0), (1498353001.0, 1498353601.0, 0, 0, 0), (1498353602.0, 1498354202.0, 0, 0, 0), (1498354203.0, 1498354803.0, 0, 0, 0)]

其中，四元组
(1498352400.0, 1498352500.0, 0, 0, 0)
为
(开始时间秒,结束时间秒,任务数量,关键任务数量,非关键任务数量)，
    其中，
        任务数量=关键任务数量+非关键任务数量
